1764616627425 4.6079630851745605 0
1764616656505 3.633817195892334 5
1764616684434 3.1879069805145264 10
1764616711883 3.057582139968872 15
1764616737727 2.9045844078063965 20
1764616768877 2.8175058364868164 25
1764616865448 2.728943347930908 30
1764616893018 2.817471504211426 35
1764616922019 2.8237462043762207 40
1764616950403 2.826054811477661 45
1764616976878 2.7495157718658447 50
1764617005311 2.6548142433166504 55
1764617090295 2.6198039054870605 60
1764617117956 2.4236671924591064 65
1764617146341 2.3586814403533936 70
1764617172810 2.4654390811920166 75
1764617200452 2.344311237335205 80
1764617227648 2.3438925743103027 85
1764617315441 2.220141887664795 90
1764617342024 2.2297961711883545 95
1764617370642 2.109407901763916 100
1764617400551 2.1715312004089355 105
1764617427534 2.0418596267700195 110
1764617456019 1.9202343225479126 115
1764617540318 1.9734420776367188 120
1764617568100 1.944911003112793 125
1764617594748 1.8670574426651 130
1764617622928 2.0128610134124756 135
1764617651064 1.8634055852890015 140
1764617677972 1.6180994510650635 145
1764617761987 1.669628381729126 150
1764617788970 1.7034177780151367 155
1764617816519 1.7609676122665405 160
1764617847025 1.7164303064346313 165
1764617875799 1.666598916053772 170
1764617959773 1.5786844491958618 175
1764617986416 1.5891560316085815 180
1764618012951 1.567703127861023 185
1764618041514 1.4759351015090942 190
1764618070568 1.4320931434631348 195
1764618154174 1.3594639301300049 200
1764618181396 1.297713041305542 205
1764618208968 1.354886770248413 210
1764618237999 1.4870096445083618 215
1764618267196 1.3189423084259033 220
1764618350472 1.3451646566390991 225
1764618376576 1.322273850440979 230
1764618403130 1.2989282608032227 235
1764618429540 1.1779237985610962 240
1764618458059 1.1669591665267944 245
1764618541169 1.393268346786499 250
1764618568218 1.1958410739898682 255
1764618597973 1.2114099264144897 260
1764618625907 1.3263585567474365 265
1764618653395 1.2082788944244385 270
1764618738358 1.1484153270721436 275
1764618766917 1.1794393062591553 280
1764618793547 1.2380176782608032 285
1764618820536 1.2720187902450562 290
1764618848224 1.2972593307495117 295
1764618932389 1.1832422018051147 300
1764618959938 1.1058459281921387 305
1764618985851 1.2553188800811768 310
1764619014959 1.1359833478927612 315
1764619043057 1.0491034984588623 320
1764619127231 1.069852590560913 325
1764619154360 1.0635390281677246 330
1764619182340 1.1861869096755981 335
1764619209292 1.0617979764938354 340
1764619238921 0.9791616201400757 345
1764619324533 1.0110396146774292 350
1764619352056 0.9998849630355835 355
1764619378703 0.9431730508804321 360
1764619408397 0.8538548350334167 365
1764619438382 0.9679328203201294 370
1764619522922 0.857945442199707 375
1764619550389 0.854394257068634 380
1764619578543 0.8492050170898438 385
1764619606727 0.8993886113166809 390
1764619641569 0.9297040700912476 395
1764619727219 0.8736342191696167 400
1764619753969 0.8468939661979675 405
1764619780558 0.855998694896698 410
1764619808835 0.902655303478241 415
1764619838344 0.9296067953109741 420
1764619922471 0.841995894908905 425
1764619948947 0.8332287073135376 430
1764619976549 0.9255208969116211 435
1764620004442 0.8463350534439087 440
1764620038939 1.0498892068862915 445
1764620124234 1.0146108865737915 450
1764620153612 0.8775534629821777 455
1764620181047 0.7810185551643372 460
1764620207515 0.8728615641593933 465
1764620233710 0.7753714323043823 470
1764620317832 0.7744867205619812 475
1764620344740 0.814470112323761 480
1764620372242 0.8405083417892456 485
1764620400238 0.7690120935440063 490
1764620428057 0.7280901074409485 495
1764620515108 0.7738574743270874 500
1764620543593 0.963944137096405 505
1764620570259 0.8424941301345825 510
1764620600357 0.8394621014595032 515
1764620628549 0.8471100926399231 520
1764620710342 0.877013087272644 525
1764620737744 0.7758817672729492 530
1764620767269 0.7608822584152222 535
1764620793786 0.7312830090522766 540
1764620824502 0.719359278678894 545
1764620909184 0.8083605766296387 550
1764620937323 0.7650015950202942 555
1764620966570 0.7006928324699402 560
1764620996530 0.6703968644142151 565
1764621024781 0.7823246121406555 570
1764621110603 0.7427705526351929 575
1764621139629 0.8447815179824829 580
1764621165720 0.7883230447769165 585
1764621194012 0.884832501411438 590
1764621221488 0.7138361930847168 595
1764621303100 0.7130586504936218 600
1764621330607 0.7015798091888428 605
1764621358020 0.7119852900505066 610
1764621385659 0.7180798649787903 615
1764621413537 0.7249508500099182 620
1764621497561 0.6416841745376587 625
1764621526384 0.6833727955818176 630
1764621555684 0.7406429052352905 635
1764621584877 0.6833251714706421 640
1764621612377 0.6831178665161133 645
1764621697546 0.6895117163658142 650
1764621724008 0.6176974773406982 655
1764621752045 0.5961710214614868 660
1764621780223 0.6776559352874756 665
1764621807848 0.666695773601532 670
1764621890961 0.7017885446548462 675
1764621918711 0.6207959055900574 680
1764621951869 0.5945741534233093 685
1764621977428 0.6023086905479431 690
1764622006165 0.6437750458717346 695
1764622090267 0.8288663625717163 700
1764622118494 0.7487112283706665 705
1764622146210 0.6612526178359985 710
1764622172041 0.749492347240448 715
1764622200383 0.7387616634368896 720
1764622283390 0.7093283534049988 725
1764622312461 0.6524845957756042 730
1764622340363 0.6743627786636353 735
1764622366852 0.641257107257843 740
1764622395640 0.5740397572517395 745
1764622480166 0.6310223340988159 750
1764622509963 0.5689259767532349 755
1764622539066 0.6717674732208252 760
1764622569713 0.647358775138855 765
1764622597348 0.6201024651527405 770
1764622680725 0.654624879360199 775
1764622708026 0.5961202383041382 780
1764622735977 0.6436532139778137 785
1764622761654 0.5675777792930603 790
1764622791664 0.6033985018730164 795
1764622874674 0.6844146847724915 800
1764622900819 0.6178041696548462 805
1764622928437 0.6363855600357056 810
1764622958135 0.592887282371521 815
1764622989209 0.5562502145767212 820
1764623072304 0.6057552099227905 825
1764623099481 0.577991783618927 830
1764623129890 0.595866322517395 835
1764623157503 0.5411750078201294 840
1764623185852 0.5741562247276306 845
1764623271410 0.5981963872909546 850
1764623298196 0.6499447226524353 855
1764623324156 0.5950242877006531 860
1764623350078 0.6108319759368896 865
1764623378716 0.6200247406959534 870
1764623463019 0.624604344367981 875
1764623490253 0.6051532030105591 880
1764623515824 0.5877344608306885 885
1764623541820 0.5587060451507568 890
1764623572547 0.5931650400161743 895
1764623656778 0.5764517188072205 900
1764623685103 0.6451714634895325 905
1764623711376 0.5675760507583618 910
1764623741035 0.5867211222648621 915
1764623771331 0.5602923035621643 920
1764623852288 0.5573323369026184 925
1764623880924 0.5569599866867065 930
1764623911053 0.5759826898574829 935
1764623939956 0.483676016330719 940
1764623968464 0.6212888956069946 945
1764624052493 0.5672377347946167 950
1764624079948 0.5117610692977905 955
1764624109374 0.5775613188743591 960
1764624136797 0.5060575008392334 965
1764624171293 0.5770058035850525 970
1764624254155 0.5528678297996521 975
1764624280506 0.5438247919082642 980
1764624307129 0.4836140275001526 985
1764624335063 0.5311230421066284 990
1764624364596 0.6396645903587341 995
1764624448119 0.6426629424095154 1000
1764624478442 0.6072458028793335 1005
1764624507245 0.6198683977127075 1010
1764624535908 0.5919884443283081 1015
1764624564467 0.5773954391479492 1020
1764624650279 0.5413957238197327 1025
1764624679296 0.5300251841545105 1030
1764624705869 0.554364800453186 1035
1764624736489 0.533713698387146 1040
1764624763367 0.5120233297348022 1045
1764624846062 0.5328081846237183 1050
1764624872865 0.5351047515869141 1055
1764624898471 0.511471152305603 1060
1764624926353 0.49741214513778687 1065
1764624954786 0.5839685797691345 1070
1764625036312 0.5969217419624329 1075
1764625064309 0.5196483135223389 1080
1764625091872 0.5542107224464417 1085
1764625124183 0.5005989074707031 1090
1764625154987 0.517906665802002 1095
1764625238753 0.5532812476158142 1100
1764625265601 0.5280770063400269 1105
1764625292605 0.45799487829208374 1110
1764625321137 0.5105862021446228 1115
1764625404626 0.5012173652648926 1120
1764625431317 0.5253809094429016 1125
1764625459761 0.506074070930481 1130
1764625487002 0.4705360531806946 1135
1764625570248 0.4948562681674957 1140
1764625596990 0.4869692325592041 1145
1764625624511 0.5145827531814575 1150
1764625652293 0.5105565786361694 1155
1764625734330 0.5041987299919128 1160
1764625761221 0.5309664607048035 1165
1764625789227 0.47184252738952637 1170
1764625816199 0.4905076026916504 1175
1764625898657 0.5089367628097534 1180
1764625925001 0.4266599118709564 1185
1764625953539 0.5427383184432983 1190
1764625981295 0.5178424119949341 1195
1764626066772 0.5218105316162109 1200
1764626093608 0.4938158094882965 1205
1764626123715 0.5334995985031128 1210
1764626149764 0.603920578956604 1215
1764626232785 0.5920116901397705 1220
1764626265656 0.6256534457206726 1225
1764626294485 0.529061496257782 1230
1764626322960 0.5508866906166077 1235
1764626410262 0.5158368349075317 1240
1764626441614 0.5292345285415649 1245
1764626468403 0.5378403067588806 1250
1764626496473 0.4418698251247406 1255
1764626579703 0.5089093446731567 1260
1764626606665 0.48903244733810425 1265
1764626635720 0.45199650526046753 1270
1764626664792 0.45992153882980347 1275
1764626748567 0.4486359655857086 1280
1764626775255 0.4498562812805176 1285
1764626811916 0.43819865584373474 1290
1764626840437 0.520013153553009 1295
1764626923062 0.47934430837631226 1300
1764626954502 0.5305574536323547 1305
1764626982120 0.4732159674167633 1310
1764627008465 0.4915402829647064 1315
1764627093682 0.5310028195381165 1320
1764627123342 0.48571592569351196 1325
1764627157760 0.4912121295928955 1330
1764627186238 0.48778802156448364 1335
1764627269363 0.47877782583236694 1340
1764627298942 0.46759501099586487 1345
1764627326556 0.4205535054206848 1350
1764627355618 0.4853692054748535 1355
1764627441104 0.4515635073184967 1360
1764627468137 0.423830509185791 1365
1764627495472 0.4460204243659973 1370
1764627522433 0.45374321937561035 1375
1764627604506 0.4260929524898529 1380
1764627631829 0.4822283685207367 1385
1764627658040 0.4608624577522278 1390
1764627688577 0.451829195022583 1395
1764627773396 0.4389250874519348 1400
1764627802180 0.49497491121292114 1405
1764627833429 0.44226446747779846 1410
1764627860696 0.4746777415275574 1415
1764627945566 0.38285958766937256 1420
1764627973639 0.4405794143676758 1425
1764628003064 0.39309799671173096 1430
1764628031648 0.41247349977493286 1435
1764628115563 0.47206172347068787 1440
1764628144102 0.43517130613327026 1445
1764628171826 0.40394502878189087 1450
1764628199700 0.41636157035827637 1455
1764628284562 0.46074286103248596 1460
1764628311411 0.43990054726600647 1465
1764628341822 0.47819000482559204 1470
1764628368513 0.45547789335250854 1475
1764628451644 0.4245675504207611 1480
1764628478079 0.4747108519077301 1485
1764628506446 0.4295457899570465 1490
1764628535349 0.4624115526676178 1495
1764628617419 0.4161697030067444 1500
1764628645107 0.37831375002861023 1505
1764628672080 0.4546623229980469 1510
1764628699665 0.41859573125839233 1515
1764628786152 0.46802741289138794 1520
1764628816843 0.4705982804298401 1525
1764628849039 0.4644831717014313 1530
1764628878038 0.40104803442955017 1535
1764628961590 0.42083898186683655 1540
1764628989588 0.4733005166053772 1545
1764629016324 0.4307286739349365 1550
1764629045011 0.4532098174095154 1555
1764629129679 0.40478602051734924 1560
1764629157981 0.440868079662323 1565
1764629185256 0.3752965033054352 1570
1764629213319 0.4307107925415039 1575
1764629295326 0.3929330110549927 1580
1764629323752 0.41386929154396057 1585
1764629352716 0.4186597466468811 1590
1764629436904 0.44068917632102966 1595
1764629465325 0.4261283874511719 1600
1764629492409 0.42008042335510254 1605
1764629575445 0.41866230964660645 1610
1764629604834 0.4540824890136719 1615
1764629633133 0.3941888213157654 1620
1764629716894 0.40246254205703735 1625
1764629743710 0.3850780129432678 1630
1764629778661 0.42827314138412476 1635
1764629863600 0.5094553828239441 1640
1764629892430 0.3818659484386444 1645
1764629921254 0.3974459171295166 1650
1764630005322 0.41752299666404724 1655
1764630033187 0.40584293007850647 1660
1764630061396 0.41467899084091187 1665
1764630143828 0.3923954367637634 1670
1764630172563 0.44031715393066406 1675
1764630202582 0.43409672379493713 1680
1764630286676 0.38693931698799133 1685
1764630314801 0.3915165066719055 1690
1764630343203 0.42872533202171326 1695
1764630424895 0.45127636194229126 1700
1764630451987 0.3916837275028229 1705
1764630480823 0.46040472388267517 1710
1764630564958 0.3936801254749298 1715
1764630594029 0.4166288375854492 1720
1764630620026 0.3964346647262573 1725
1764630701935 0.40567487478256226 1730
1764630729966 0.3566868007183075 1735
1764630759556 0.3647577464580536 1740
1764630844166 0.45007261633872986 1745
1764630871750 0.3883897364139557 1750
1764630900412 0.45388713479042053 1755
1764630984720 0.37047848105430603 1760
1764631013448 0.4002578854560852 1765
1764631041548 0.44981974363327026 1770
1764631124473 0.4124578535556793 1775
1764631152767 0.39636167883872986 1780
1764631180287 0.4533739686012268 1785
1764631265430 0.3868408799171448 1790
1764631293693 0.4364299774169922 1795
1764631323755 0.393460750579834 1800
1764631406247 0.3685501217842102 1805
1764631436641 0.40687236189842224 1810
1764631463677 0.39309385418891907 1815
1764631546808 0.3648538291454315 1820
1764631574437 0.4404327869415283 1825
1764631601893 0.37432441115379333 1830
1764631686034 0.423770010471344 1835
1764631713549 0.4201395511627197 1840
1764631795407 0.41000229120254517 1845
1764631825841 0.4566928744316101 1850
1764631908877 0.47697266936302185 1855
1764631936763 0.3967168927192688 1860
1764632020673 0.384700208902359 1865
1764632048377 0.41096895933151245 1870
1764632131200 0.3884367048740387 1875
1764632159258 0.4177889823913574 1880
1764632242200 0.3684825599193573 1885
1764632269725 0.3690926432609558 1890
1764632353794 0.4473860263824463 1895
1764632382628 0.4347948133945465 1900
1764632465623 0.41458338499069214 1905
1764632497263 0.3775455355644226 1910
1764632582206 0.45627936720848083 1915
1764632611568 0.4750862717628479 1920
1764632696896 0.4643186032772064 1925
1764632723854 0.4477473795413971 1930
1764632807801 0.3929905593395233 1935
1764632836794 0.41126424074172974 1940
1764632920315 0.38089531660079956 1945
1764632951283 0.4074214994907379 1950
1764633033174 0.42466798424720764 1955
1764633062916 0.39480459690093994 1960
1764633147776 0.3940597176551819 1965
1764633175307 0.40877264738082886 1970
1764633260641 0.42452946305274963 1975
1764633288698 0.4030812680721283 1980
1764633373768 0.4540778696537018 1985
1764633403743 0.4299444258213043 1990
1764633487270 0.4106234014034271 1995
1764633516009 0.4188159108161926 2000
1764633600134 0.43052157759666443 2005
1764633682756 0.34785670042037964 2010
1764633764856 0.38843145966529846 2015
1764633848163 0.4200459122657776 2020
1764633932669 0.4239104390144348 2025
1764634015467 0.4535292685031891 2030
1764634100861 0.38436445593833923 2035
1764634184763 0.39399898052215576 2040
1764634269623 0.43361490964889526 2045
1764634353873 0.4020567536354065 2050
1764634435676 0.39019906520843506 2055
1764634518716 0.43886104226112366 2060
1764634601069 0.4078523516654968 2065
1764634683384 0.4146993160247803 2070
1764634766847 0.39480695128440857 2075
